date,total_cases,new_cases,total_deaths,new_deaths,new_tests,total_tests
12/31/2019,0,0,0,0,,
1/1/2020,0,0,0,0,,
1/2/2020,0,0,0,0,,
1/3/2020,0,0,0,0,,
1/4/2020,0,0,0,0,,
1/5/2020,0,0,0,0,,
1/6/2020,0,0,0,0,,
1/7/2020,0,0,0,0,,
1/8/2020,0,0,0,0,,
1/9/2020,0,0,0,0,,
1/10/2020,0,0,0,0,,
1/11/2020,0,0,0,0,,
1/12/2020,0,0,0,0,,
1/13/2020,0,0,0,0,,
1/14/2020,0,0,0,0,,
1/15/2020,0,0,0,0,,
1/16/2020,0,0,0,0,,
1/17/2020,0,0,0,0,,
1/18/2020,0,0,0,0,,
1/19/2020,0,0,0,0,,
1/20/2020,0,0,0,0,,
1/21/2020,1,1,0,0,,
1/22/2020,1,0,0,0,,
1/23/2020,1,0,0,0,,
1/24/2020,1,0,0,0,,
1/25/2020,2,1,0,0,,
1/26/2020,2,0,0,0,,
1/27/2020,5,3,0,0,,
1/28/2020,5,0,0,0,,
1/29/2020,5,0,0,0,,
1/30/2020,5,0,0,0,,
1/31/2020,6,1,0,0,,
2/1/2020,7,1,0,0,,
2/2/2020,8,1,0,0,,
2/3/2020,11,3,0,0,,
2/4/2020,11,0,0,0,,
2/5/2020,11,0,0,0,,
2/6/2020,12,1,0,0,,
2/7/2020,12,0,0,0,,
2/8/2020,12,0,0,0,,
2/9/2020,12,0,0,0,,
2/10/2020,12,0,0,0,,
2/11/2020,13,1,0,0,,
2/12/2020,13,0,0,0,,
2/13/2020,14,1,0,0,,
2/14/2020,15,1,0,0,,
2/15/2020,15,0,0,0,,
2/16/2020,15,0,0,0,,
2/17/2020,15,0,0,0,,
2/18/2020,15,0,0,0,,
2/19/2020,15,0,0,0,,
2/20/2020,15,0,0,0,,
2/21/2020,16,1,0,0,,
2/22/2020,35,19,0,0,,
2/23/2020,35,0,0,0,,
2/24/2020,35,0,0,0,,
2/25/2020,53,18,0,0,,
2/26/2020,53,0,0,0,,
2/27/2020,59,6,0,0,,
2/28/2020,60,1,0,0,,
2/29/2020,66,6,0,0,,
3/1/2020,69,3,1,1,,
3/2/2020,89,20,2,1,,
3/3/2020,103,14,6,4,,
3/4/2020,125,22,9,3,,
3/5/2020,159,34,11,2,,
3/6/2020,233,74,12,1,,
3/7/2020,338,105,14,2,,4138
3/8/2020,433,95,17,3,874,5012
3/9/2020,554,121,21,4,1773,6785
3/10/2020,754,200,26,5,2490,9275
3/11/2020,1025,271,28,2,3818,13093
3/12/2020,1312,287,30,2,5310,18403
3/13/2020,1663,351,40,10,9171,27574
3/14/2020,2174,511,47,7,4610,32184
3/15/2020,2951,777,57,10,7604,39788
3/16/2020,3774,823,69,12,17924,57712
3/17/2020,4661,887,85,16,17320,75032
3/18/2020,6427,1766,108,23,25064,100096
3/19/2020,9415,2988,150,42,28081,128177
3/20/2020,14250,4835,150,0,36662,164839
3/21/2020,19624,5374,260,110,45333,210172
3/22/2020,26747,7123,340,80,45473,255645
3/23/2020,35206,8459,471,131,58148,313793
3/24/2020,46442,11236,590,119,69137,382930
3/25/2020,55231,8789,801,211,84394,467324
3/26/2020,69194,13963,1050,249,101815,569139
3/27/2020,85991,16797,1296,246,102656,671795
3/28/2020,104686,18695,1707,411,106870,778665
3/29/2020,124665,19979,2191,484,87612,866277
3/30/2020,143025,18360,2509,318,118461,984738
3/31/2020,164620,21595,3170,661,112330,1097068
4/1/2020,189618,24998,4079,909,108521,1205589
4/2/2020,216721,27103,5138,1059,118851,1324440
4/3/2020,245540,28819,6053,915,132890,1457330
4/4/2020,277965,32425,7157,1104,229193,1686523
4/5/2020,312237,34272,8501,1344,119655,1806178
4/6/2020,337635,25398,9647,1146,152008,1958186
4/7/2020,368196,30561,10989,1342,154242,2112428
4/8/2020,398809,30613,12895,1906,147488,2259916
4/9/2020,432132,33323,14817,1922,171058,2430974
4/10/2020,466033,33901,16690,1873,158393,2589367
4/11/2020,501560,35527,18777,2087,136987,2726354
4/12/2020,529951,28391,20608,1831,138917,2865271
4/13/2020,557571,27620,22108,1500,134183,2999454
4/14/2020,582594,25023,23649,1541,151772,3151226
4/15/2020,609516,26922,26057,2408,136982,3288208
4/16/2020,639664,30148,30985,4928,163798,3452006
4/17/2020,671331,31667,33284,2299,158684,3610690
4/18/2020,702164,30833,37054,3770,145834,3756524
4/19/2020,735086,32922,38910,1856,153930,3910454
4/20/2020,759687,24601,40682,1772,145688,4056142
4/21/2020,787752,28065,42539,1857,152834,4208976
4/22/2020,825041,37289,45063,2524,323483,4532459
4/23/2020,842629,17588,46784,1721,192810,4725269
4/24/2020,869172,26543,49963,3179,235857,4961126
4/25/2020,890524,21352,51017,1054,276150,5237276
4/26/2020,939053,48529,53189,2172,206288,5443564
4/27/2020,965910,26857,54876,1687,195400,5638964
4/28/2020,988451,22541,56245,1369,206614,5845578
4/29/2020,1012583,24132,58355,2110,238605,6084183
4/30/2020,1039909,27326,60966,2611,232808,6316991
5/1/2020,1069826,29917,63006,2040,295226,6612217
5/2/2020,1103781,33955,65068,2062,247084,6859301
5/3/2020,1133069,29288,66385,1317,236514,7095815
5/4/2020,1158041,24972,67682,1297,231456,7327271
5/5/2020,1180634,22593,68934,1252,271471,7598742
5/6/2020,1204475,23841,71078,2144,244833,7843575
5/7/2020,1228603,24128,73431,2353,301644,8145219
5/8/2020,1256972,28369,75670,2239,297850,8443069
5/9/2020,1283929,26957,77180,1510,291609,8734678
5/10/2020,1309541,25612,78794,1614,266330,9001008
5/11/2020,1329799,20258,79528,734,382123,9383131
5/12/2020,1347916,18117,80684,1156,308555,9691686
5/13/2020,1369964,22048,82387,1703,319041,10010727
5/14/2020,1390746,20782,84133,1746,364074,10374801
5/15/2020,1417889,27143,85906,1773,358323,10733124
5/16/2020,1443397,25508,87568,1662,362120,11095244
5/17/2020,1467884,24487,88754,1186,371154,11466398
5/18/2020,1486757,18873,89562,808,354713,11821111
5/19/2020,1508598,21841,90353,791,401339,12222450
5/20/2020,1528568,19970,91921,1568,407159,12629609
5/21/2020,1551853,23285,93439,1518,461819,13091428
5/22/2020,1577287,25434,94702,1263,409088,13500516
5/23/2020,1601434,24147,96007,1305,390000,13890516
5/24/2020,1622670,21236,97087,1080,381505,14272021
5/25/2020,1643238,20568,97720,633,422588,14694609
5/26/2020,1662302,19064,98220,500,305932,15000541
5/27/2020,1681212,18910,98916,696,308433,15308974
5/28/2020,1699933,18721,100442,1526,434470,15743444
5/29/2020,1721750,21817,101617,1175,487229,16230673
5/30/2020,1747087,25337,102836,1219,425754,16656427
5/31/2020,1770384,23297,103781,945,396171,17052598
6/1/2020,1790191,19807,104383,602,412327,17464925
6/2/2020,1811277,21086,105147,764,418646,17883571
6/3/2020,1831821,20544,106181,1034,466714,18350285
6/4/2020,1851520,19699,107175,994,460984,18811269
6/5/2020,1872660,21140,108211,1036,506275,19317544
6/6/2020,1897838,25178,109143,932,543819,19861363
6/7/2020,1920061,22223,109802,659,422371,20283734
6/8/2020,1942363,22302,110514,712,395146,20678880
6/9/2020,1961185,18822,111007,493,419724,21098604
6/10/2020,1979850,18665,112006,999,428999,21527603
6/11/2020,2000464,20614,112924,918,459455,21987058
6/12/2020,2023347,22883,113820,896,623125,22610183
6/13/2020,2048986,25639,114669,849,496428,23106611
6/14/2020,2074526,25540,115436,767,485220,23591831
6/15/2020,2094069,19543,115732,296,432811,24024642
6/16/2020,2114026,19957,116127,395,464529,24489171
6/17/2020,2137731,23705,116963,836,485290,24974461
6/18/2020,2163290,25559,117717,754,516193,25490654
6/19/2020,2191052,27762,118434,717,573992,26064646
6/20/2020,2220961,29909,119112,678,559215,26623861
6/21/2020,2255119,34158,119719,607,511098,27134959
6/22/2020,2280912,25793,119975,256,466605,27601564
6/23/2020,2312302,31390,120402,427,491719,28093283
6/24/2020,2347022,34720,121228,826,519202,28612485
6/25/2020,2381361,34339,121979,751,637148,29249633
6/26/2020,2422310,40949,124416,2437,606747,29856380
6/27/2020,2467837,45527,125039,623,599386,30455766
6/28/2020,2510323,42486,125539,500,583898,31039664
6/29/2020,2548996,38673,125804,265,646824,31686488
6/30/2020,2590552,41556,126140,336,624063,32310551
7/1/2020,2634432,43880,127410,1270,633286,32943837
7/2/2020,2686480,52048,128062,652,662316,33606153
7/3/2020,2739879,53399,128740,678,710949,34317102
7/4/2020,2794321,54442,129434,694,642171,34959273
7/5/2020,2839542,45221,129676,242,681450,35640723
7/6/2020,2888635,49093,129947,271,501201,36141924
7/7/2020,2938625,49990,130306,359,634791,36776715
7/8/2020,2996098,57473,131480,1174,629102,37405817
7/9/2020,3055004,58906,132309,829,703050,38108867
7/10/2020,3118008,63004,133291,982,810806,38919673
7/11/2020,3184633,66625,134097,806,698444,39618117
7/12/2020,3247684,63051,134814,717,758324,40376441
7/13/2020,3304942,57258,135205,391,693576,41070017
7/14/2020,3363056,58114,135605,400,769982,41839999
7/15/2020,3431574,68518,136466,861,761997,42601996
7/16/2020,3499291,67717,137419,953,827564,43429560
7/17/2020,3576221,76930,138358,939,837392,44266952
7/18/2020,3647715,71494,139266,908,761632,45028584
7/19/2020,3711464,63749,140119,853,798508,45827092
7/20/2020,3773260,61796,140534,415,711015,46538107
7/21/2020,3830010,56750,140906,372,750248,47288355
7/22/2020,3902058,72048,142066,1160,795502,48083857
7/23/2020,3970906,68848,143190,1124,840589,48924446
7/24/2020,4034102,63196,144242,1052,926876,49851322
7/25/2020,4112529,78427,145546,1304,784361,50635683
7/26/2020,4178027,65498,146460,914,855811,51491494
7/27/2020,4234020,55993,146935,475,760840,52252334
7/28/2020,4290263,56243,148011,1076,735487,52987821
7/29/2020,4351997,61734,149256,1245,853326,53841147
7/30/2020,4426982,74985,150713,1457,805854,54647001
7/31/2020,4495014,68032,152070,1357,725982,55372983
8/1/2020,4562037,67023,153314,1244,726010,56098993
8/2/2020,4620444,58407,154447,1133,713169,56812162
8/3/2020,4667955,47511,154860,413,731690,57543852
8/4/2020,4713562,45607,155403,543,695586,58239438
8/5/2020,4771087,57525,156806,1403,681537,58920975
8/6/2020,4823891,52804,158256,1450,731700,59652675
8/7/2020,4883646,59755,160104,1848,762883,60415558
8/8/2020,4941796,58150,161356,1252,647189,61062747
8/9/2020,4998017,56221,162425,1069,713435,61776182
8/10/2020,5044864,46847,162938,513,736992,62513174
8/11/2020,5094394,49530,163461,523,739083,63252257
8/12/2020,5141207,46813,164537,1076,479048,63731305
8/13/2020,5197148,55941,166027,1490,880729,64612034
8/14/2020,5248242,51094,167110,1083,840666,65452700
8/15/2020,5313080,64838,168446,1336,741422,66194122
8/16/2020,5361165,48085,169481,1035,778881,66973003
8/17/2020,5403269,42104,170052,571,648116,67621119
8/18/2020,5438325,35056,170497,445,642814,68263933
8/19/2020,5482416,44091,171821,1324,680934,68944867
8/20/2020,5529842,47426,173177,1356,,
